image_width: 672		
image_height: 376
camera_name: front/left
camera_matrix:
  rows: 3
  cols: 3
  data: [336.0, 0.0, 336.0, 0.0, 336.0, 188.0, 0.0, 0.0, 1.0]
distortion_model: plumb_bob
distortion_coefficients:
  rows: 1
  cols: 5
  data: [0.0, 0.0, 0.0, 0.0, 0.0]
rectification_matrix:
  rows: 3
  cols: 3
  data: [1.0, 0.0, 0.0, 0.0, 1.0, 0.0, 0.0, 0.0, 1.0]
projection_matrix:
  rows: 3
  cols: 4
  data: [336.0, 0.0, 336.0, 0.0, 0.0, 336.0, 188.0, 0.0, 0.0, 0.0, 1.0, 0.0]